406
5.70080463430268112228e-12
-1.71024139029080684084e-11
5.20833333333333139308e+05
0.00000000000000000000e+00
0.00000000000000000000e+00
0.00000000000000000000e+00
0.00000000000000000000e+00
4.97670750572831810954e-12
-9.69352280335579306490e-27
1.04166666666666662786e+06
-6.46234853557052870993e-27
-1.49301225171849195935e-11
1.04166666666666662786e+06
0.00000000000000000000e+00
0.00000000000000000000e+00
0.00000000000000000000e+00
0.00000000000000000000e+00
0.00000000000000000000e+00
8.07793566946316088742e-27
-8.07793566946316088742e-28
2.08333333333333325572e+06
0.00000000000000000000e+00
0.00000000000000000000e+00
0.00000000000000000000e+00
0.00000000000000000000e+00
0.00000000000000000000e+00
0.00000000000000000000e+00
0.00000000000000000000e+00
0.00000000000000000000e+00
3.31780500381887672021e-12
-6.46234853557052870993e-27
-2.08333333333333325572e+06
-2.42338070083894826622e-27
-9.95341501145662167879e-12
-2.08333333333333279006e+06
0.00000000000000000000e+00
0.00000000000000000000e+00
0.00000000000000000000e+00
0.00000000000000000000e+00
0.00000000000000000000e+00
6.15942594796566017665e-27
-8.07793566946316088742e-27
-4.16666666666666697711e+06
0.00000000000000000000e+00
0.00000000000000000000e+00
0.00000000000000000000e+00
0.00000000000000000000e+00
0.00000000000000000000e+00
0.00000000000000000000e+00
0.00000000000000000000e+00
0.00000000000000000000e+00
0.00000000000000000000e+00
5.65455496862421262119e-27
3.83701944299500142152e-27
-4.16666666666666651145e+06
0.00000000000000000000e+00
0.00000000000000000000e+00
4.97670750572831083939e-12
-6.46234853557052870993e-27
1.04166666666666639503e+06
0.00000000000000000000e+00
0.00000000000000000000e+00
0.00000000000000000000e+00
7.06819371078026577649e-28
9.69352280335579306490e-27
2.08333333333333279006e+06
0.00000000000000000000e+00
0.00000000000000000000e+00
0.00000000000000000000e+00
0.00000000000000000000e+00
0.00000000000000000000e+00
3.31780500381887106565e-12
-6.46234853557052870993e-27
-2.08333333333333302289e+06
0.00000000000000000000e+00
0.00000000000000000000e+00
0.00000000000000000000e+00
1.21169035041947413311e-27
-6.46234853557052870993e-27
-4.16666666666666651145e+06
0.00000000000000000000e+00
0.00000000000000000000e+00
0.00000000000000000000e+00
0.00000000000000000000e+00
0.00000000000000000000e+00
0.00000000000000000000e+00
-8.07793566946316088742e-28
6.05845175209737066556e-28
-4.16666666666666604578e+06
0.00000000000000000000e+00
0.00000000000000000000e+00
4.97670750572830437704e-12
-9.69352280335579306490e-27
1.04166666666666662786e+06
0.00000000000000000000e+00
0.00000000000000000000e+00
0.00000000000000000000e+00
-2.42338070083894826622e-27
-8.07793566946316088742e-28
2.08333333333333325572e+06
0.00000000000000000000e+00
0.00000000000000000000e+00
0.00000000000000000000e+00
0.00000000000000000000e+00
0.00000000000000000000e+00
3.31780500381887268124e-12
-6.46234853557052870993e-27
-2.08333333333333302289e+06
0.00000000000000000000e+00
0.00000000000000000000e+00
0.00000000000000000000e+00
-3.83701944299500142152e-27
-8.07793566946316088742e-27
-4.16666666666666651145e+06
0.00000000000000000000e+00
0.00000000000000000000e+00
0.00000000000000000000e+00
0.00000000000000000000e+00
0.00000000000000000000e+00
0.00000000000000000000e+00
4.03896783473158044371e-28
3.83701944299500142152e-27
-4.16666666666666604578e+06
0.00000000000000000000e+00
0.00000000000000000000e+00
-7.24097128574376745232e-13
1.71024139029080619461e-11
5.20833333333333255723e+05
0.00000000000000000000e+00
0.00000000000000000000e+00
1.00974195868289511093e-27
1.49301225171849292870e-11
1.04166666666666627862e+06
0.00000000000000000000e+00
0.00000000000000000000e+00
0.00000000000000000000e+00
0.00000000000000000000e+00
0.00000000000000000000e+00
3.31780500381886783448e-12
-8.07793566946316088742e-27
-2.08333333333333302289e+06
0.00000000000000000000e+00
0.00000000000000000000e+00
-4.03896783473158044371e-28
9.95341501145661521644e-12
-2.08333333333333325572e+06
0.00000000000000000000e+00
0.00000000000000000000e+00
0.00000000000000000000e+00
0.00000000000000000000e+00
0.00000000000000000000e+00
0.00000000000000000000e+00
-3.63507105125842239934e-27
-1.00974195868289511093e-27
-4.16666666666666604578e+06
-4.84676140167789653245e-27
-1.49301225171849292870e-11
1.04166666666666627862e+06
0.00000000000000000000e+00
0.00000000000000000000e+00
0.00000000000000000000e+00
0.00000000000000000000e+00
0.00000000000000000000e+00
8.07793566946316088742e-27
-3.23117426778526435497e-27
2.08333333333333255723e+06
-2.42338070083894826622e-27
-9.95341501145661036968e-12
-2.08333333333333255723e+06
0.00000000000000000000e+00
0.00000000000000000000e+00
0.00000000000000000000e+00
0.00000000000000000000e+00
0.00000000000000000000e+00
6.15942594796566017665e-27
0.00000000000000000000e+00
-4.16666666666666604578e+06
0.00000000000000000000e+00
0.00000000000000000000e+00
0.00000000000000000000e+00
0.00000000000000000000e+00
0.00000000000000000000e+00
0.00000000000000000000e+00
0.00000000000000000000e+00
0.00000000000000000000e+00
0.00000000000000000000e+00
5.65455496862421262119e-27
-2.82727748431210631060e-27
-4.16666666666666604578e+06
0.00000000000000000000e+00
0.00000000000000000000e+00
0.00000000000000000000e+00
1.71656132976092168858e-27
0.00000000000000000000e+00
2.08333333333333209157e+06
0.00000000000000000000e+00
0.00000000000000000000e+00
0.00000000000000000000e+00
4.03896783473158044371e-28
6.46234853557052870993e-27
-4.16666666666666604578e+06
0.00000000000000000000e+00
0.00000000000000000000e+00
0.00000000000000000000e+00
0.00000000000000000000e+00
0.00000000000000000000e+00
0.00000000000000000000e+00
-8.07793566946316088742e-28
-1.41363874215605315530e-27
-4.16666666666666604578e+06
0.00000000000000000000e+00
0.00000000000000000000e+00
0.00000000000000000000e+00
-2.42338070083894826622e-27
-3.23117426778526435497e-27
2.08333333333333255723e+06
0.00000000000000000000e+00
0.00000000000000000000e+00
0.00000000000000000000e+00
-3.13020007191697484387e-27
0.00000000000000000000e+00
-4.16666666666666604578e+06
0.00000000000000000000e+00
0.00000000000000000000e+00
0.00000000000000000000e+00
0.00000000000000000000e+00
0.00000000000000000000e+00
0.00000000000000000000e+00
0.00000000000000000000e+00
-2.82727748431210631060e-27
-4.16666666666666604578e+06
0.00000000000000000000e+00
0.00000000000000000000e+00
1.21169035041947413311e-27
1.49301225171849292870e-11
1.04166666666666627862e+06
0.00000000000000000000e+00
0.00000000000000000000e+00
-3.02922587604868533278e-28
9.95341501145661521644e-12
-2.08333333333333302289e+06
0.00000000000000000000e+00
0.00000000000000000000e+00
0.00000000000000000000e+00
0.00000000000000000000e+00
0.00000000000000000000e+00
0.00000000000000000000e+00
-4.44286461820473848808e-27
-3.02922587604868533278e-27
-4.16666666666666604578e+06
-4.84676140167789653245e-27
-1.49301225171849195935e-11
1.04166666666666651145e+06
0.00000000000000000000e+00
0.00000000000000000000e+00
0.00000000000000000000e+00
0.00000000000000000000e+00
0.00000000000000000000e+00
8.07793566946316088742e-27
4.44286461820473848808e-27
2.08333333333333255723e+06
-1.61558713389263217748e-27
-9.95341501145661844761e-12
-2.08333333333333255723e+06
0.00000000000000000000e+00
0.00000000000000000000e+00
0.00000000000000000000e+00
0.00000000000000000000e+00
0.00000000000000000000e+00
6.96721951491197626540e-27
-3.23117426778526435497e-27
-4.16666666666666651145e+06
0.00000000000000000000e+00
0.00000000000000000000e+00
0.00000000000000000000e+00
0.00000000000000000000e+00
0.00000000000000000000e+00
0.00000000000000000000e+00
0.00000000000000000000e+00
0.00000000000000000000e+00
0.00000000000000000000e+00
7.27014210251684479867e-27
-4.03896783473158044371e-28
-4.16666666666666604578e+06
0.00000000000000000000e+00
0.00000000000000000000e+00
0.00000000000000000000e+00
2.72630328844381679950e-27
0.00000000000000000000e+00
2.08333333333333255723e+06
0.00000000000000000000e+00
0.00000000000000000000e+00
0.00000000000000000000e+00
1.21169035041947413311e-27
-1.61558713389263217748e-27
-4.16666666666666604578e+06
0.00000000000000000000e+00
0.00000000000000000000e+00
0.00000000000000000000e+00
0.00000000000000000000e+00
0.00000000000000000000e+00
0.00000000000000000000e+00
-8.07793566946316088742e-28
3.02922587604868533278e-27
-4.16666666666666558012e+06
0.00000000000000000000e+00
0.00000000000000000000e+00
0.00000000000000000000e+00
-3.23117426778526435497e-27
4.84676140167789653245e-27
2.08333333333333255723e+06
0.00000000000000000000e+00
0.00000000000000000000e+00
0.00000000000000000000e+00
-3.23117426778526435497e-27
-3.23117426778526435497e-27
-4.16666666666666604578e+06
0.00000000000000000000e+00
0.00000000000000000000e+00
0.00000000000000000000e+00
0.00000000000000000000e+00
0.00000000000000000000e+00
0.00000000000000000000e+00
8.07793566946316088742e-28
-4.03896783473158044371e-28
-4.16666666666666604578e+06
0.00000000000000000000e+00
0.00000000000000000000e+00
1.21169035041947413311e-27
1.49301225171849228247e-11
1.04166666666666627862e+06
0.00000000000000000000e+00
0.00000000000000000000e+00
-4.03896783473158044371e-28
9.95341501145661521644e-12
-2.08333333333333302289e+06
0.00000000000000000000e+00
0.00000000000000000000e+00
0.00000000000000000000e+00
0.00000000000000000000e+00
0.00000000000000000000e+00
0.00000000000000000000e+00
-3.63507105125842239934e-27
1.41363874215605315530e-27
-4.16666666666666604578e+06
0.00000000000000000000e+00
0.00000000000000000000e+00
0.00000000000000000000e+00
0.00000000000000000000e+00
-1.61558713389263217748e-27
-9.95341501145661198526e-12
-2.08333333333333255723e+06
0.00000000000000000000e+00
0.00000000000000000000e+00
0.00000000000000000000e+00
0.00000000000000000000e+00
0.00000000000000000000e+00
5.45260657688763359901e-27
3.23117426778526435497e-27
-4.16666666666666604578e+06
0.00000000000000000000e+00
0.00000000000000000000e+00
0.00000000000000000000e+00
0.00000000000000000000e+00
0.00000000000000000000e+00
0.00000000000000000000e+00
0.00000000000000000000e+00
0.00000000000000000000e+00
0.00000000000000000000e+00
0.00000000000000000000e+00
0.00000000000000000000e+00
0.00000000000000000000e+00
0.00000000000000000000e+00
3.02922587604868533278e-28
1.61558713389263217748e-27
-4.16666666666666604578e+06
0.00000000000000000000e+00
0.00000000000000000000e+00
0.00000000000000000000e+00
0.00000000000000000000e+00
0.00000000000000000000e+00
0.00000000000000000000e+00
0.00000000000000000000e+00
0.00000000000000000000e+00
0.00000000000000000000e+00
0.00000000000000000000e+00
-3.93799363886329093262e-27
3.23117426778526435497e-27
-4.16666666666666604578e+06
0.00000000000000000000e+00
0.00000000000000000000e+00
0.00000000000000000000e+00
0.00000000000000000000e+00
0.00000000000000000000e+00
0.00000000000000000000e+00
0.00000000000000000000e+00
0.00000000000000000000e+00
0.00000000000000000000e+00
-4.03896783473158044371e-28
9.95341501145661198526e-12
-2.08333333333333302289e+06
0.00000000000000000000e+00
0.00000000000000000000e+00
0.00000000000000000000e+00
0.00000000000000000000e+00
0.00000000000000000000e+00
