406
2.67896834769400737052e-04
5.54762186775423034508e-05
4.80198149532577522143e-05
1.66942112615646356521e-04
-4.57044956694972086871e-05
-6.62506475799388213233e-05
-3.49590980603332318198e-05
4.78598014834437769736e-04
3.32170829787916749775e-05
-2.70949011101848407821e-05
2.45788895259090533173e-04
2.66220257762095097610e-04
-2.73542696538281287762e-05
1.77979330638133610015e-04
-2.76524358982136006686e-04
4.81533725387722422108e-05
-1.65872130215424340265e-04
-1.18276969977460281146e-03
3.82092520761591184809e-04
1.71055889528477252223e-04
-1.19246632091844838135e-03
2.12557091122866947171e-04
-1.56775826978189174443e-07
2.80442215731540009133e-05
6.19412102941673019729e-05
-4.86344049819694299801e-05
2.10785023346878069199e-04
-5.23144187586058184544e-07
-1.99155401905822187299e-05
3.61374813072441595282e-04
4.63081142879327665985e-05
-9.91867174544080092223e-06
2.59070303244734144454e-04
1.49104773484955448106e-04
-9.86690485755912694466e-06
1.64317785189233570497e-04
-1.49919436826989360993e-04
-1.88309443657184417910e-05
-8.87036203192452781668e-05
-6.77595230359127193021e-04
4.46992722783720467308e-04
9.22287118660349085038e-05
-6.75333880469724872828e-04
2.11907762254242936330e-04
-4.67533554855724596806e-07
-1.99869687559185611476e-05
1.24828012949532618676e-04
-2.30157495001630544793e-04
-6.75942949515027815925e-04
2.14465099784294516020e-04
1.87401329454606956276e-06
-1.19937479056425404765e-03
3.03541083104019162806e-04
2.35513898529958844771e-04
-6.73643955636399793981e-04
-1.58333534077405703542e-04
6.32781704038692092410e-19
5.76213061381989992936e-04
-1.57377424922086341359e-18
-2.58949730380827246941e-05
-6.99597785904365423619e-06
9.95500648315066647728e-18
-1.61683149428989221714e-03
4.46552463672578376416e-04
-9.67358485740644136941e-18
-1.62218862776524635518e-03
-1.33969155988037324188e-04
-1.62465471779252332936e-05
2.12274549838776973969e-04
-5.19217589073492085792e-19
-1.83101345190711878243e-05
5.49516225671266506439e-04
1.55046460538967299000e-05
-3.06507289644052162447e-05
-9.98879789571796306838e-05
4.78919184588767283507e-18
-9.17673691084025869302e-04
5.33323226636128527520e-04
-4.98137333689779874897e-18
-9.17222253230033385957e-04
7.85140586075406556564e-06
-8.48313589368591589816e-05
-1.51434465074778436787e-03
2.19182020485807335305e-04
1.47217609351094608604e-19
-1.63634295998381297695e-03
4.29016979944949676355e-04
8.88774195967126368068e-05
-1.51924529982948048473e-03
-6.62506475799291448189e-05
3.49590980603324389970e-05
4.78598014834425626671e-04
-3.32170829787925762206e-05
-2.70949011101882085851e-05
4.81533725387811123398e-05
1.65872130215424123424e-04
-1.18276969977454664978e-03
3.82092520761578824905e-04
-1.71055889528474839873e-04
-1.19246632091838940075e-03
-1.33969155988029680563e-04
1.62465471779255280610e-05
2.10785023346877472888e-04
5.23144187585357476538e-07
-1.99155401905837806586e-05
5.49516225671257615981e-04
-1.55046460538994099122e-05
-3.06507289644053924275e-05
-1.88309443657081350941e-05
8.87036203192445869880e-05
-6.77595230359099437445e-04
4.46992722783707619513e-04
-9.22287118660337158814e-05
-6.75333880469696575151e-04
7.85140586076036579670e-06
8.48313589368712207307e-05
-1.51434465074773818086e-03
2.14465099784292510246e-04
-1.87401329454510098058e-06
-1.19937479056419506705e-03
4.29016979944941978520e-04
-8.88774195967231806729e-05
-1.51924529982943516508e-03
1.66942112615646248101e-04
4.57044956694955146212e-05
2.67896834769395099200e-04
-5.54762186775370992804e-05
4.80198149532539371779e-05
1.77979330638132065027e-04
2.76524358982120231545e-04
2.45788895259083540069e-04
-2.66220257762077045643e-04
-2.73542696538247948545e-05
6.19412102941719504897e-05
4.86344049819683593304e-05
2.12557091122864236666e-04
1.56775826979566158848e-07
2.80442215731521442171e-05
3.61374813072430482210e-04
-4.63081142879310725326e-05
-9.91867174544160560353e-06
1.64317785189233245237e-04
1.49919436826982042628e-04
2.59070303244727964502e-04
-1.49104773484946259493e-04
-9.86690485755842221324e-06
1.24828012949535708653e-04
2.30157495001620624343e-04
-6.75942949514987483604e-04
2.11907762254238816362e-04
4.67533554857164923393e-07
-1.99869687559162097841e-05
3.03541083104009567616e-04
-2.35513898529946376446e-04
-6.73643955636360220601e-04
2.07070439824574419616e-04
3.65669855131937643778e-04
-2.52710517971848197527e-05
2.09974142968131019266e-04
-3.59556758659751311055e-04
2.26708612244948043077e-04
-2.14361415270636470947e-04
-1.59718119506381517857e-03
2.14254992166612985788e-04
2.35625929323963670793e-04
-1.60234022694158689121e-03
2.26640110582462795102e-04
3.37385383464705514590e-04
-3.06385739123093053587e-05
1.96945897695985111964e-04
-3.40954542826765500015e-04
1.35010040660651681362e-04
-2.04806724859226194210e-04
-1.50709484040461943154e-03
3.00700048141739446298e-04
2.17820818861366461696e-04
-1.51204485119855601589e-03
2.09884240903841063318e-04
6.46836402176204972226e-06
-1.81045821440045052379e-05
2.13136909293135199533e-04
-3.01279367480253258346e-04
-9.05661204065466552381e-04
2.20433673879936439582e-04
9.91239881342753309328e-06
-1.61636586152853083988e-03
2.08169358836258794505e-04
3.23350415797606604001e-04
-9.03751952375263451281e-04
2.43467583666020359742e-04
1.42008139660525281052e-17
-2.18480398650989929635e-03
2.22946276457109635602e-04
-1.41288402075889478925e-17
-2.18805820879109649488e-03
1.12407330146483539130e-04
1.28650424732849193814e-17
-2.06288116660798426932e-03
3.37408878027310613155e-04
-1.28797633473566350379e-17
-2.06592993187117157650e-03
2.38378542104488008648e-04
-1.09699317152282702038e-04
-2.04463447389917384392e-03
2.32825904900948153515e-04
-8.59826029934758650015e-20
-2.20921201549736717293e-03
2.19949947740884270636e-04
1.23172817209942652870e-04
-2.04742493559926293928e-03
2.26708612244946823349e-04
2.14361415270636416737e-04
-1.59718119506370784255e-03
2.14254992166607781618e-04
-2.35625929323961963175e-04
-1.60234022694148931301e-03
1.35010040660657021057e-04
2.04806724859226275525e-04
-1.50709484040453659849e-03
3.00700048141728116385e-04
-2.17820818861365025128e-04
-1.51204485119847405021e-03
2.38378542104486788921e-04
1.09699317152301431631e-04
-2.04463447389910315394e-03
2.20433673879933268291e-04
-9.91239881342637096408e-06
-1.61636586152842523859e-03
2.19949947740881560131e-04
-1.23172817209962412455e-04
-2.04742493559919224930e-03
2.09974142968125733781e-04
3.59556758659724693891e-04
2.07070439824567697562e-04
-3.65669855131906798226e-04
-2.52710517971890616937e-05
1.96945897695981750938e-04
3.40954542826743382290e-04
2.26640110582455964628e-04
-3.37385383464681065831e-04
-3.06385739123081533939e-05
2.13136909293131513246e-04
3.01279367480234664279e-04
-9.05661204065397705543e-04
2.09884240903835344151e-04
-6.46836402176022606033e-06
-1.81045821440062738427e-05
2.08169358836252397713e-04
-3.23350415797584377856e-04
-9.03751952375195038124e-04
1.44059943979578353960e-04
2.67697969516398921047e-04
-1.79151724171567750118e-05
2.17418639859551883139e-04
-2.65948802726671601135e-04
3.99474568162828610769e-04
-1.42074823424398173979e-04
-1.13273567751546013274e-03
5.87569241802331804106e-05
1.68679977023840739969e-04
-1.13863402396617596248e-03
1.83774001915330408453e-04
3.40800581164324607741e-04
-2.57380386825784178624e-05
2.16375049076807167252e-04
-3.30731319477135083350e-04
3.16680948281284724115e-04
-1.90098998751517722552e-04
-1.47721761282986895243e-03
1.30616107210475426107e-04
2.18565199665734241977e-04
-1.48151711201118300130e-03
1.75981250507641182219e-04
4.98585907664577471856e-06
-1.55090657174308495844e-05
2.91696480926585590548e-04
-2.09674360093068209336e-04
-6.59213332823593302877e-04
2.30070225571961660708e-04
1.22225183232607844519e-05
-1.14672769062794323476e-03
1.06881689748127952700e-04
2.39256742284379959147e-04
-6.53146588865501456257e-04
4.95703879168873126453e-04
8.61043306824999382604e-18
-1.53426338485478292763e-03
2.51425241086169805338e-05
-1.13881707632484852116e-17
-1.53757194112073315717e-03
3.73803992069659521066e-04
1.25587293194342218753e-17
-2.01138168480260526652e-03
1.15435352886863402456e-04
-1.37049827335306930145e-17
-2.01600309954132108498e-03
4.69628409625794530479e-04
-7.05621271831112170398e-05
-1.43694531953321826337e-03
2.62254013344681167954e-04
-1.24792481597808969691e-18
-1.55040063711084927581e-03
3.47183331450997249715e-05
8.64141151063065287956e-05
-1.44107045105810755575e-03
3.99474568162813160888e-04
1.42074823424399366602e-04
-1.13273567751538337123e-03
5.87569241802378492562e-05
-1.68679977023841526015e-04
-1.13863402396609443047e-03
3.16680948281277080490e-04
1.90098998751518888069e-04
-1.47721761282977419316e-03
1.30616107210476781360e-04
-2.18565199665734269082e-04
-1.48151711201109019360e-03
4.69628409625783959508e-04
7.05621271831247289094e-05
-1.43694531953316752271e-03
2.30070225571956185487e-04
-1.22225183232608284977e-05
-1.14672769062786213644e-03
3.47183331451029504730e-05
-8.64141151063226020928e-05
-1.44107045105805659825e-03
2.17418639859541935585e-04
2.65948802726650676033e-04
1.44059943979574559252e-04
-2.67697969516375068599e-04
-1.79151724171564226461e-05
2.16375049076800065728e-04
3.30731319477110309330e-04
1.83774001915324770601e-04
-3.40800581164297014796e-04
-2.57380386825760089007e-05
2.91696480926572146442e-04
2.09674360093054548389e-04
-6.59213332823538875928e-04
1.75981250507634270431e-04
-4.98585907664391463420e-06
-1.55090657174297586059e-05
1.06881689748128088225e-04
-2.39256742284363370854e-04
-6.53146588865448330351e-04
1.82619801668332975338e-04
-9.04460916947441177565e-05
4.90555996692617810560e-04
-6.44217417569238669315e-05
9.45359600997571722933e-05
1.27157081240592977111e-04
-1.44041752345822240126e-05
1.84871267314805462663e-04
-1.54949308458549403099e-04
4.63354014126947952399e-04
-7.74221887191299008857e-05
-6.27302764652704590576e-04
1.23988765950297764954e-05
8.64697570574997261819e-05
-6.32264271362071379919e-04
1.12116914610557315453e-04
-4.77045572166443697338e-05
-1.67782233719519983350e-07
3.22719015917357450116e-04
-7.92770673718010972881e-05
2.40464160469747943163e-04
-3.28098235443377564597e-05
-3.85220828945990251057e-06
6.15974446755953772802e-04
2.91501565525011071891e-18
5.88283907635721563939e-04
4.59739116255522695831e-18
-8.21311538167614554884e-04
-1.68751006421437211734e-05
-5.98196310455246025127e-18
-8.31238169814479520986e-04
5.86191057501890956487e-04
-2.99316993356981989808e-05
2.99634627850866956927e-04
1.46997296774116451022e-18
-1.17693620054895245345e-06
4.90555996692595259155e-04
6.44217417569246123205e-05
4.63354014126924371002e-04
7.74221887191305107494e-05
-6.27302764652666101398e-04
1.23988765950355380135e-05
-8.64697570574998617072e-05
-6.32264271362031481279e-04
5.86191057501875994497e-04
2.99316993357018073412e-05
2.40464160469737751663e-04
3.28098235443384544149e-05
-3.85220828945998128464e-06
1.82619801668322892258e-04
9.04460916947394421347e-05
1.84871267314795894579e-04
1.54949308458539455544e-04
9.45359600997551394143e-05
-1.27157081240581511673e-04
-1.44041752345795948223e-05
3.22719015917339669200e-04
7.92770673717988475686e-05
1.12116914610551745364e-04
4.77045572166422081057e-05
-1.67782233719529538941e-07
