-2.590717e-04
-5.615741e-05
-4.409293e-05
-1.732545e-04
3.127796e-05
3.650788e-05
2.880434e-05
-4.455677e-04
-3.327638e-05
2.267486e-05
-2.381614e-04
-2.499265e-04
2.620412e-05
-1.778058e-04
2.409779e-04
-5.480903e-05
1.454743e-04
1.080188e-03
-3.672267e-04
-1.738994e-04
1.091193e-03
-2.113939e-04
-8.196301e-06
-2.608427e-05
-7.811489e-05
3.598188e-05
-2.084584e-04
-3.119738e-06
1.659065e-05
-3.417854e-04
-4.548240e-05
4.463058e-06
-2.522202e-04
-1.384592e-04
5.583503e-06
-1.669359e-04
1.223672e-04
2.095861e-06
7.805747e-05
6.061352e-04
-4.232232e-04
-9.573384e-05
6.004969e-04
-2.079501e-04
-8.401521e-06
1.787788e-05
-1.275412e-04
2.002481e-04
6.058715e-04
-2.104338e-04
-1.333936e-05
1.096203e-03
-2.888601e-04
-2.268811e-04
6.094240e-04
1.299363e-04
-2.518695e-06
-5.429055e-04
-4.697177e-07
2.048267e-05
-1.360930e-06
-1.283402e-05
1.510176e-03
-4.284639e-04
-9.683422e-06
1.517439e-03
1.072951e-04
1.256686e-05
-2.095669e-04
-2.188315e-06
1.523337e-05
-5.220124e-04
-1.305142e-05
2.758015e-05
8.226978e-05
-2.746125e-06
8.504704e-04
-5.068156e-04
-8.504691e-06
8.450232e-04
-1.726995e-05
6.998625e-05
1.406664e-03
-2.142077e-04
-1.076033e-05
1.529669e-03
-4.081164e-04
-9.923598e-05
1.414144e-03
3.796754e-05
-3.432945e-05
-4.474489e-04
3.100614e-05
1.751080e-05
-5.528264e-05
-1.743663e-04
1.080641e-03
-3.660630e-04
1.583191e-04
1.088893e-03
1.080458e-04
-2.157637e-05
-2.081844e-04
-2.105452e-06
1.380837e-05
-5.227500e-04
2.130252e-05
2.598182e-05
3.051278e-06
-8.782703e-05
6.072236e-04
-4.232519e-04
8.245589e-05
6.014782e-04
-1.701344e-05
-9.972616e-05
1.411471e-03
-2.101542e-04
-8.242255e-06
1.095251e-03
-4.075241e-04
7.953789e-05
1.418367e-03
-1.668395e-04
-3.298042e-05
-2.543846e-04
5.066136e-05
-5.448461e-05
-1.752376e-04
-2.526161e-04
-2.352661e-04
2.327681e-04
1.547002e-05
-7.758979e-05
-4.211232e-05
-2.055299e-04
4.084941e-06
-3.214899e-05
-3.443014e-04
4.548409e-05
2.273023e-06
-1.637415e-04
-1.320673e-04
-2.451734e-04
1.278753e-04
4.964256e-06
-1.282825e-04
-2.231952e-04
6.050133e-04
-2.051012e-04
-5.708420e-06
1.174140e-05
-2.893517e-04
2.100682e-04
5.989096e-04
-1.977302e-04
-3.451159e-04
2.366903e-05
-2.042446e-04
3.193206e-04
-2.240655e-04
1.902318e-04
1.481011e-03
-2.022276e-04
-2.378474e-04
1.488355e-03
-2.209506e-04
-3.132039e-04
2.462311e-05
-1.922994e-04
2.975888e-04
-1.329990e-04
1.848871e-04
1.385187e-03
-2.922679e-04
-2.192423e-04
1.385930e-03
-2.020573e-04
-1.603722e-05
1.657662e-05
-2.055878e-04
2.673079e-04
8.307938e-04
-2.131646e-04
-2.298411e-05
1.500280e-03
-1.976875e-04
-3.120139e-04
8.335215e-04
-2.412951e-04
-1.443432e-05
2.062774e-03
-2.089132e-04
-1.292008e-05
2.066550e-03
-1.110680e-04
-9.502971e-06
1.938099e-03
-3.270882e-04
-1.211132e-05
1.937687e-03
-2.327738e-04
9.073183e-05
1.925467e-03
-2.248580e-04
-1.348728e-05
2.087289e-03
-2.075004e-04
-1.329334e-04
1.932025e-03
-2.250060e-04
-2.244186e-04
1.484005e-03
-2.014378e-04
2.196969e-04
1.488578e-03
-1.321205e-04
-2.064043e-04
1.386588e-03
-2.921008e-04
1.984665e-04
1.387540e-03
-2.338347e-04
-1.281624e-04
1.933532e-03
-2.132662e-04
-2.915776e-06
1.502106e-03
-2.062038e-04
1.139955e-04
1.939063e-03
-2.069231e-04
-3.348727e-04
-1.979057e-04
3.261683e-04
1.162562e-05
-1.935079e-04
-3.131500e-04
-2.172091e-04
2.967596e-04
2.533579e-05
-2.081940e-04
-2.957065e-04
8.326576e-04
-2.039761e-04
-1.060681e-06
9.571541e-06
-2.001677e-04
2.949810e-04
8.263854e-04
-1.353118e-04
-2.474030e-04
1.163849e-05
-2.049630e-04
2.310737e-04
-3.817979e-04
1.236871e-04
1.028841e-03
-5.274566e-05
-1.689609e-04
1.035255e-03
-1.730465e-04
-3.135868e-04
1.933989e-05
-2.105959e-04
2.889352e-04
-3.090722e-04
1.724098e-04
1.355677e-03
-1.207572e-04
-2.181661e-04
1.354897e-03
-1.654770e-04
-1.159298e-05
1.108228e-05
-2.752002e-04
1.833586e-04
5.879989e-04
-2.176913e-04
-2.136820e-05
1.041860e-03
-9.909300e-05
-2.278041e-04
5.859083e-04
-4.771028e-04
-1.092416e-05
1.424032e-03
-1.890988e-05
-9.434088e-06
1.426558e-03
-3.681254e-04
-7.950119e-06
1.885938e-03
-1.029403e-04
-1.140175e-05
1.885959e-03
-4.496563e-04
5.571899e-05
1.330393e-03
-2.492445e-04
-9.955518e-06
1.438953e-03
-2.673069e-05
-9.336513e-05
1.336940e-03
-3.830838e-04
-1.495363e-04
1.032625e-03
-5.213791e-05
1.563134e-04
1.036905e-03
-3.100390e-04
-1.906627e-04
1.358584e-03
-1.197552e-04
1.993184e-04
1.357852e-03
-4.515939e-04
-8.531298e-05
1.337040e-03
-2.179892e-04
2.658667e-06
1.044890e-03
-2.517705e-05
8.082907e-05
1.342616e-03
-2.093171e-04
-2.413623e-04
-1.385975e-04
2.331767e-04
2.955602e-06
-2.156827e-04
-3.038869e-04
-1.718567e-04
3.012927e-04
1.873723e-05
-2.791119e-04
-2.053699e-04
5.917864e-04
-1.692400e-04
-5.725309e-07
5.311298e-06
-1.008163e-04
2.167056e-04
5.826619e-04
-1.606660e-04
7.794506e-05
-4.392548e-04
5.239520e-05
-8.869678e-05
-1.122231e-04
8.578048e-06
-1.685546e-04
1.309258e-04
-4.272679e-04
6.800647e-05
5.572166e-04
-1.337530e-05
-8.583493e-05
5.578184e-04
-1.004163e-04
4.157490e-05
-6.299738e-07
-2.916986e-04
6.873505e-05
-2.165142e-04
2.640785e-05
3.060906e-06
-5.595844e-04
-6.650463e-06
-5.508305e-04
-5.331113e-06
7.503976e-04
1.766698e-05
-5.677622e-06
7.562913e-04
-5.399210e-04
2.290896e-05
-2.736517e-04
-3.381376e-06
7.449714e-07
-4.396024e-04
-6.532742e-05
-4.285630e-04
-7.743232e-05
5.582049e-04
-1.125833e-05
7.650903e-05
5.585015e-04
-5.424714e-04
-3.617645e-05
-2.172234e-04
-3.332384e-05
3.140903e-06
-1.623104e-04
-8.173994e-05
-1.717036e-04
-1.402553e-04
-8.920161e-05
1.084019e-04
7.150620e-06
-2.926751e-04
-7.656669e-05
-1.027856e-04
-4.367228e-05
-2.242042e-07
