3.617841e-23
-1.135147e-22
1.488254e-06
-2.119014e-08
-1.827361e-08
1.108920e-09
1.366395e-08
7.128105e-08
6.033551e-09
1.144992e-06
5.689808e-09
6.679001e-08
9.721106e-07
-4.569219e-08
-2.307849e-09
-2.807276e-08
-4.210319e-08
-4.064114e-07
1.376088e-08
1.221017e-08
1.123165e-06
-2.941447e-07
-2.569693e-07
1.324993e-06
-8.079528e-07
-3.482998e-07
-7.162306e-08
7.947665e-08
6.381008e-07
9.397524e-08
1.357628e-07
-4.513988e-06
3.541048e-07
-2.375560e-07
-2.230738e-06
7.040329e-07
-1.899062e-06
1.972442e-07
1.190763e-06
-2.119493e-06
1.858239e-07
9.085876e-08
-4.921173e-06
7.062390e-07
-4.459004e-07
4.275124e-07
1.401413e-06
-1.671069e-07
-2.649688e-06
2.972738e-07
-8.922364e-08
3.088597e-07
5.243208e-08
2.046717e-07
-4.732413e-06
2.694218e-07
-4.099488e-07
1.011989e-07
-5.847446e-08
9.256862e-07
-8.555507e-08
-1.111571e-07
-8.300183e-12
-4.549117e-08
-2.711208e-08
9.245168e-07
-2.058815e-06
2.072284e-07
-1.159590e-07
4.152227e-08
6.746047e-07
5.518291e-08
-1.273820e-07
-3.054899e-06
3.961124e-07
9.483974e-07
-1.736503e-06
6.411462e-08
2.206290e-07
-4.758364e-06
1.921317e-06
-4.611322e-07
-2.584669e-06
3.495083e-07
-2.056291e-07
4.171519e-07
-1.213937e-07
1.225230e-07
-4.681995e-06
2.393231e-07
-3.177597e-07
2.337764e-08
-1.815577e-08
1.021762e-06
-2.870247e-08
-1.225834e-07
-1.261725e-08
-4.689722e-08
-4.400264e-08
9.443004e-07
-1.989421e-06
9.434837e-08
-1.194680e-07
4.857738e-08
6.773129e-07
8.705845e-08
-1.206904e-07
-3.132992e-06
3.765608e-07
9.256331e-07
-1.752520e-06
7.019885e-08
2.347840e-07
-4.774117e-06
1.856086e-06
-4.566797e-07
-2.525705e-06
3.600150e-07
-2.023838e-07
4.206860e-07
-5.860598e-08
1.426085e-07
-4.685694e-06
4.951263e-07
-6.260192e-07
6.862602e-08
-4.946167e-08
5.111429e-07
-9.704584e-08
-2.572151e-07
-8.717109e-08
-9.615740e-08
7.504573e-07
-1.767620e-06
6.196317e-09
-1.231491e-07
1.930160e-07
3.730726e-07
1.359131e-07
-2.039286e-07
-3.288124e-06
1.016876e-06
2.112862e-06
-6.215427e-08
4.391709e-07
-1.920028e-06
1.282356e-06
-3.893060e-07
-2.150115e-06
3.115773e-07
-2.498049e-07
3.233461e-07
1.649454e-08
8.716491e-08
-4.801467e-06
-5.183969e-08
1.092151e-07
9.278627e-07
-1.210227e-07
-4.873653e-08
-1.512856e-07
-1.040642e-07
1.614685e-08
-2.781472e-08
3.514135e-08
6.698516e-07
1.613401e-08
4.697751e-07
-3.068903e-06
3.195162e-07
-2.114157e-06
2.035440e-07
8.813743e-07
-2.415121e-06
3.441815e-08
-2.610698e-07
-4.634221e-06
4.296425e-07
-3.369971e-07
6.019076e-07
1.526373e-06
-1.060640e-07
-2.229595e-06
2.163539e-07
-9.775741e-08
3.455882e-07
7.303664e-08
1.251998e-07
-4.731746e-06
-1.163618e-07
-2.826058e-07
2.499482e-07
-9.466826e-08
3.333500e-08
5.078658e-07
1.721652e-07
7.441854e-07
-2.057899e-06
4.914015e-08
-1.282437e-07
-4.340736e-06
1.867942e-06
-3.728361e-07
-1.929574e-06
2.584671e-07
-1.776936e-07
4.416068e-07
2.207003e-08
8.604093e-08
-4.514026e-06
-1.597658e-07
-2.211389e-07
3.036062e-07
-3.548022e-08
2.356618e-08
5.293797e-07
2.733813e-07
6.795275e-07
-2.090008e-06
1.656126e-08
-1.549351e-07
-4.393760e-06
1.824960e-06
-4.301353e-07
-1.844623e-06
2.558488e-07
-1.595324e-07
4.542742e-07
3.923580e-08
1.099541e-07
-4.555968e-06
-1.305876e-07
-6.009263e-07
-2.839093e-08
-1.177950e-07
5.274190e-07
2.677219e-07
3.029216e-06
-3.682822e-08
-2.842670e-08
-2.186683e-06
1.405187e-06
-5.747420e-07
-1.875003e-06
1.938941e-07
-2.566254e-07
2.616122e-07
1.093750e-07
1.265946e-07
-4.713434e-06
-1.424942e-07
1.237652e-07
1.010101e-06
-9.871702e-08
1.575672e-08
-1.581297e-07
-7.522263e-08
6.357366e-08
-7.023838e-08
-6.836909e-09
6.726369e-07
1.359811e-07
4.237848e-07
-3.097168e-06
1.888332e-07
-2.150844e-06
1.887387e-07
8.599890e-07
-2.411823e-06
1.269545e-07
-2.208300e-07
-4.646249e-06
4.354582e-07
-3.393058e-07
5.964387e-07
1.494415e-06
-1.189870e-07
-2.229816e-06
2.091109e-07
-1.000063e-07
3.463427e-07
6.095697e-08
1.343228e-07
-4.729122e-06
-1.427222e-07
-2.252121e-07
3.115175e-07
-1.228289e-07
2.315314e-08
5.337119e-07
1.466436e-07
6.835835e-07
-2.035707e-06
1.669362e-07
-1.153005e-07
-4.377767e-06
1.828796e-06
-3.792444e-07
-1.899630e-06
2.591474e-07
-1.737304e-07
4.494928e-07
2.921337e-08
7.902311e-08
-4.551145e-06
-1.747717e-07
-1.977009e-07
3.434641e-07
-7.380913e-08
2.170350e-08
5.490943e-07
2.350841e-07
6.429466e-07
-2.050791e-06
1.313730e-07
-1.049518e-07
-4.421983e-06
1.779294e-06
-4.193277e-07
-1.849280e-06
2.573695e-07
-1.633420e-07
4.598456e-07
6.470889e-08
1.220490e-07
-4.577301e-06
-1.353113e-07
-5.575865e-07
-4.517204e-08
-8.177953e-08
5.641359e-07
2.377599e-07
2.942856e-06
3.567292e-08
-3.249319e-08
-2.278602e-06
1.370535e-06
-5.397181e-07
-1.866408e-06
2.156293e-07
-2.553381e-07
2.680841e-07
1.131990e-07
1.377116e-07
-4.725413e-06
-3.308354e-07
1.049288e-07
-3.271245e-07
-1.650814e-07
-7.945761e-08
2.715226e-07
-3.484766e-06
1.749119e-07
-1.826989e-06
1.874432e-07
7.707362e-07
-2.317462e-06
1.582398e-08
-1.506826e-07
-4.711076e-06
1.046521e-06
-5.104899e-07
-6.524431e-08
3.054583e-06
1.030088e-07
4.945913e-07
1.973150e-07
5.571795e-08
-2.817972e-07
-4.286042e-07
1.647747e-07
6.359346e-07
-2.037040e-06
8.298454e-08
-1.231581e-07
-4.481306e-06
3.681095e-06
-4.789297e-07
6.448670e-07
-4.327951e-08
5.477900e-08
-3.476546e-07
-3.648983e-07
2.396669e-07
5.765553e-07
-2.070043e-06
3.428769e-08
-1.293004e-07
-4.521367e-06
3.603832e-06
-5.728928e-07
5.918396e-07
-1.074000e-08
5.077347e-08
-2.711019e-07
-1.007619e-06
1.453557e-07
2.685915e-06
-3.844534e-08
-3.499871e-08
-2.389252e-06
2.793221e-06
-8.297279e-07
4.956782e-07
1.472090e-07
-4.997773e-08
